Rotation_measured = [0.9996991977979781, 0.00117539485219828, -0.02449759925014442;
 -0.004142089332199421, -0.9764113822599516, -0.2158787986097168;
 -0.02417347757446848, 0.2159153330362437, -0.9761128069756101]

r_mes = rvec_to_R([2.92374 -0.00219468 -0.0360055])

Rotaion_Estimated = [0.9996992569823451, 0.0011823276987227, -0.02449485027837635;
 -0.004141681965554688, -0.9763492212862716, -0.2161597662937936;
 -0.02417109967385514, 0.2161962076330297, -0.9760506942498696]

r_est = rvec_to_R([0.999699 0.00117857 -0.0244963])

norm([2.92374 -0.00219468 -0.0360055])

norm([0.999699 0.00117857 -0.0244963])