% % l = 0.049;
% % b = 0.295;
% % h = 0.049;

l = 0.199;
b = 0.049;
h = 0.0249;

ixx = (1/12)*(b^2 + h^2)
iyy = (1/12)*(l^2 + h^2)
izz = (1/12)*(l^2 + b^2)